,system_time,system_total_stopped,system_total_waiting_time,system_mean_waiting_time,system_mean_speed,phase_0,phase_1,phase_10,phase_11,phase_12,phase_13,phase_14,phase_15,phase_2,phase_3,phase_4,phase_5,phase_6,phase_7,phase_8,phase_9
0,0.0,0,0.0,0.0,0.0,0,0,0,0,0,0,0,0,0,0,0,0,0,0,0,0
1,1.0,0,0.0,0.0,13.890617500000001,0,0,0,0,0,0,0,0,0,0,0,0,0,0,0,0
2,2.0,0,0.0,0.0,13.329736847953239,0,0,0,0,0,0,0,0,0,0,0,0,0,0,0,0
3,3.0,0,0.0,0.0,13.623175369827228,0,0,0,0,0,0,0,0,0,0,0,0,0,0,0,0
4,4.0,0,0.0,0.0,12.959803695320302,0,0,0,0,0,0,0,0,0,0,0,0,0,0,0,0
5,5.0,0,0.0,0.0,13.683925964027058,0,0,0,0,0,0,0,0,0,0,0,0,0,0,0,0
6,6.0,0,0.0,0.0,13.352628367995258,0,0,0,0,0,0,0,0,0,0,0,0,0,0,0,0
7,7.0,0,0.0,0.0,13.629509204708967,0,0,0,0,0,0,0,0,0,0,0,0,0,0,0,0
8,8.0,0,0.0,0.0,13.252956444472744,0,0,0,0,0,0,0,0,0,0,0,0,0,0,0,0
9,9.0,0,0.0,0.0,13.340620050925185,0,0,0,0,0,0,0,0,0,0,0,0,0,0,0,0
10,10.0,0,0.0,0.0,12.721994524914503,0,0,0,0,0,0,0,0,0,0,0,0,0,0,0,0
11,11.0,0,0.0,0.0,12.493652668823817,0,0,0,0,0,0,0,0,0,0,0,0,0,0,0,0
12,12.0,0,0.0,0.0,11.794408140856032,0,0,0,0,0,0,0,0,0,0,0,0,0,0,0,0
13,13.0,0,0.0,0.0,11.8663556191915,0,0,0,0,0,0,0,0,0,0,0,0,0,0,0,0
14,14.0,0,0.0,0.0,11.035976942737516,0,0,0,0,0,0,0,0,0,0,0,0,0,0,0,0
15,15.0,1,1.0,0.022727272727272728,11.148596272129097,0,0,0,0,0,0,0,0,0,0,1,0,0,0,0,0
16,16.0,3,4.0,0.09090909090909091,10.840954904376884,1,0,0,0,0,0,0,0,0,0,1,0,0,0,1,0
17,17.0,5,9.0,0.1875,10.74940656107801,1,1,0,0,0,0,0,0,0,0,1,0,0,0,2,0
18,18.0,6,15.0,0.3125,10.226596992385309,1,1,0,0,0,0,0,0,0,0,2,0,0,0,2,0
19,19.0,8,23.0,0.4107142857142857,10.480887038807165,1,1,0,0,0,0,0,0,0,0,3,0,0,0,3,0
20,20.0,9,32.0,0.5714285714285714,9.966915523500363,1,2,0,0,0,0,0,0,0,0,3,0,0,0,3,0
21,21.0,11,43.0,0.7166666666666667,9.963611658728677,1,2,0,0,0,0,0,0,0,0,4,0,0,0,4,0
22,22.0,13,56.0,0.9333333333333333,9.447697202945152,2,2,0,0,0,0,0,0,0,0,4,0,0,0,5,0
23,23.0,14,70.0,1.09375,9.047909212450065,2,2,0,0,0,0,0,0,0,0,5,0,0,0,5,0
24,24.0,15,85.0,1.328125,8.41164272721771,2,2,0,0,0,0,0,0,0,0,5,0,0,0,6,0
25,25.0,16,101.0,1.4027777777777777,8.59741117697443,2,2,0,0,0,0,0,0,0,0,6,0,0,0,6,0
26,26.0,20,121.0,1.6805555555555556,8.222305626448446,2,3,0,0,0,0,0,0,0,0,7,0,1,0,7,0
27,27.0,22,143.0,1.881578947368421,8.147213672487824,2,3,0,0,0,1,0,0,0,0,7,0,1,0,8,0
28,28.0,26,169.0,2.223684210526316,7.547761227561676,3,3,0,0,0,2,0,0,0,0,9,0,1,0,8,0
29,29.0,27,196.0,2.45,7.447609051694843,3,3,0,0,0,2,0,0,0,0,9,0,1,0,9,0
30,30.0,26,217.0,2.7125,7.124760855561253,3,3,0,0,0,1,0,0,0,0,9,0,1,0,9,0
31,31.0,29,245.0,2.784090909090909,7.521798563429777,3,3,0,0,0,0,0,0,0,0,10,0,2,0,11,0
32,32.0,30,275.0,3.125,7.356882922103719,3,4,0,0,0,0,0,0,0,0,10,0,2,0,11,0
33,33.0,34,309.0,3.358695652173913,7.363371209225153,4,4,0,0,0,0,0,0,1,0,11,0,2,0,12,0
34,34.0,34,343.0,3.7282608695652173,7.118920856214388,4,4,0,0,0,0,0,0,1,0,11,0,2,0,12,0
35,35.0,34,377.0,3.9270833333333335,7.234942322485719,4,4,0,0,0,0,0,0,1,0,11,0,2,0,12,0
36,36.0,35,375.0,3.90625,6.994653787637553,2,4,0,0,0,0,0,0,0,0,13,0,3,0,13,0
37,37.0,33,395.0,3.798076923076923,7.429669969721433,0,4,0,0,0,0,0,0,0,0,13,0,3,0,13,0
38,38.0,35,430.0,4.134615384615385,7.375340123711703,0,4,0,0,0,0,0,0,0,0,14,0,3,0,14,0
39,39.0,38,468.0,4.333333333333333,7.528716392621717,0,5,0,0,0,0,0,0,0,0,15,0,3,0,15,0
40,40.0,40,508.0,4.703703703703703,7.213174397538301,1,5,0,0,0,0,0,0,0,0,16,0,3,0,15,0
41,41.0,41,549.0,4.901785714285714,7.046045003978604,2,5,0,0,0,0,0,0,0,0,16,0,3,0,15,0
42,42.0,44,593.0,5.294642857142857,6.567613257000099,3,5,0,0,0,1,0,0,0,0,16,0,3,0,16,0
43,43.0,46,639.0,5.325,6.65937071998643,3,5,0,0,0,1,0,0,0,0,17,0,3,0,17,0
44,44.0,52,691.0,5.758333333333334,6.163684248474586,5,5,0,0,0,1,0,0,1,1,18,0,3,1,17,0
45,45.0,53,742.0,5.983870967741935,6.0528063153341005,5,6,0,0,0,2,0,0,0,1,18,0,3,0,18,0
46,46.0,56,798.0,6.435483870967742,5.674175543346158,5,6,0,0,0,2,2,0,0,1,19,0,3,0,18,0
47,47.0,61,859.0,6.7109375,5.647521293296335,5,6,0,0,0,4,2,0,0,2,20,0,3,0,19,0
48,48.0,61,905.0,7.0703125,5.276880651979221,4,6,0,0,0,4,3,0,0,2,20,0,3,0,19,0
49,49.0,61,954.0,7.014705882352941,5.430225224069019,2,6,0,0,0,4,4,0,0,2,20,0,3,0,20,0
50,50.0,67,1013.0,7.448529411764706,5.151009908033585,1,7,0,0,0,5,6,0,0,2,22,0,3,0,21,0
51,51.0,62,1049.0,7.492857142857143,5.347824823233591,0,7,0,0,0,3,4,0,0,2,22,0,3,0,21,0
52,52.0,61,1093.0,7.807142857142857,5.217251139505905,0,7,0,0,0,1,2,0,0,2,22,0,5,0,22,0
53,53.0,61,1145.0,7.951388888888889,5.443541230404542,0,7,0,0,0,0,2,0,1,2,22,0,5,0,22,0
54,54.0,61,1204.0,8.36111111111111,5.3389220470571495,0,7,0,0,0,0,0,0,1,2,23,0,5,0,23,0
55,55.0,64,1268.0,8.342105263157896,5.722041281235282,0,7,0,0,0,0,0,0,1,2,24,0,6,0,24,0
56,56.0,66,1334.0,8.776315789473685,5.678812163987845,0,8,0,0,0,0,0,0,1,2,25,0,6,0,24,0
57,57.0,68,1402.0,8.987179487179487,6.017709949646931,1,8,0,0,0,0,0,0,1,2,25,0,6,0,25,0
58,58.0,70,1472.0,9.435897435897436,5.924099379538234,1,8,0,0,0,0,0,0,2,2,26,0,6,0,25,0
59,59.0,72,1544.0,9.65,5.898901114886245,1,8,0,0,0,0,0,0,2,2,27,0,6,0,26,0
60,60.0,73,1617.0,10.10625,5.566293360439716,1,8,0,0,0,0,0,0,2,2,27,0,6,0,27,0
61,61.0,77,1694.0,10.083333333333334,5.6880346804660915,1,8,0,0,0,1,1,0,2,3,28,0,6,0,27,0
62,62.0,83,1777.0,10.577380952380953,5.395050641885872,2,8,0,1,0,2,1,0,3,4,28,0,6,0,28,0
63,63.0,90,1867.0,10.854651162790697,5.178719243993854,2,9,0,2,0,3,2,0,3,5,29,0,6,0,29,0
64,64.0,92,1959.0,11.38953488372093,4.86455198006573,2,9,0,2,0,4,2,0,3,6,29,0,6,0,29,0
65,65.0,96,2055.0,11.676136363636363,4.6097606265282645,2,9,0,2,0,5,2,0,3,7,30,0,6,0,30,0
66,66.0,97,2046.0,11.625,4.317253465351798,2,10,0,0,0,6,2,0,3,8,31,0,6,0,29,0
67,67.0,100,2052.0,11.152173913043478,4.491395933908378,2,10,0,0,0,7,4,0,3,9,31,0,6,0,28,0
68,68.0,102,2064.0,11.217391304347826,4.341550934741661,3,10,0,0,0,7,4,0,3,10,32,0,6,0,27,0
69,69.0,101,1984.0,10.609625668449198,4.3726857257187,3,10,0,0,0,6,5,0,3,11,33,0,4,0,26,0
70,70.0,96,1935.0,10.403225806451612,4.378292076962561,3,10,0,0,0,4,6,0,3,11,33,0,2,0,24,0
71,71.0,96,1907.0,10.036842105263158,4.571333413873696,3,11,0,0,0,3,7,0,4,11,33,0,0,0,24,0
72,72.0,92,1896.0,9.978947368421053,4.6845883351568975,1,11,0,0,0,1,7,0,5,11,33,0,0,0,23,0
73,73.0,92,1916.0,9.725888324873097,5.068514506991243,0,11,0,0,0,0,8,0,5,11,35,0,0,0,22,0
74,74.0,91,1947.0,9.933673469387756,5.0536866905723965,1,11,0,0,0,0,8,0,5,11,35,0,0,0,20,0
